3.57611415e+00 -1.48217090e+00 -1.27995533e+00 -2.06437997e+00
2.88910878e+00 -4.03512400e+003.24255518e+00 -8.53952855e-01
2.47793820e+001.81117216e+003.45270042e+00 -3.44017638e+00
2.10549647e+001.81380501e+003.30267114e+004.18131769e-01
3.09636434e+001.33096004e+003.78708833e+003.67113005e+00
1.77614048e+002.76152023e+003.25544108e+003.46859174e+00
2.48644177e+003.77377130e+003.60609974e+003.11254032e+00
3.57519059e+002.61610253e+003.71658382e+003.70508842e+00
3.83692688e+004.03764347e+003.66278004e+002.58286653e+00
3.46644213e+001.81009586e+00 -1.49385117e+004.15245354e-01
2.27195929e+003.36955063e+003.12091874e+00 -1.81920100e+00
8.92965442e-012.58295944e+003.90987436e-01 -1.63847358e+00
3.58745594e-01 -1.20025645e+00 -6.62747682e-016.31091667e-01
1.91148705e+005.61807626e-01 -1.64789940e-01 -1.67941725e+00
-1.52497835e+00 -1.68684842e+00 -1.45714301e+00 -1.77895038e+00
-3.48915965e-02 -1.52257926e+00 -1.66776383e+00 -1.34036665e+00
-1.71311210e+00 -1.51851549e+00 -1.13514717e+00 -6.42637843e-01
-6.83366271e-02 -2.92017074e-01 -1.41218116e-01 -1.50670574e+00
-1.52995707e+00 -7.94385720e-01 -1.39958852e+003.56093081e-02
-1.79730878e+00 -5.11392884e-01 -1.12667182e+00 -4.21185479e-01
-1.45669050e+00 -1.33847132e+00 -8.16479132e-01 -4.73790481e-01
-6.39753507e-01 -6.34286374e-01 -1.38061641e+00 -2.57794858e-01
-4.47701819e-01 -4.12904131e-02 -9.76752768e-02 -1.78618154e-01
-5.67541671e-01 -8.13740301e-01 -2.63923558e-03 -7.25097028e-02
-2.63437687e-01 -2.06478223e-02 -4.03305715e-01 -2.38704899e-01
-9.51626957e-02 -7.98991813e-01 -1.66006988e-01 -3.64406026e-01
-3.86024370e-01 -2.20189574e-01 -7.75370339e-01 -1.22170582e-01
-8.42420756e-02 -2.98099361e-01 -1.96869702e-01 -7.53075017e-01
-1.46831842e+00 -9.55610600e-03 -1.20211122e+00 -9.60546773e-03
-8.10882920e-01 -5.68346353e-02 -1.67347742e+00 -1.40460974e+00
-1.12343152e+00 -4.04122779e-01 -1.57164755e+00 -2.60933944e-01
-2.62404061e-04 -1.44902115e+00 -4.90044260e-01 -1.85263115e+00
-5.41699195e-01 -1.53914207e+00 -1.68871377e+00 -1.48674074e+00
-7.97674459e-01 -1.39073589e+00 -1.14367531e+00 -1.57393834e+00
-8.87426686e-01 -1.21102011e+00 -8.58734620e-03 -1.19452167e+00
-1.53428360e+00 -1.57898433e+005.80732218e-013.71643284e-01
9.98470127e-02 -5.86327973e-01 -5.26306388e-018.87962668e-01
5.64689692e-021.59318262e+00 -8.25136845e-01 -1.20845750e+00
2.78336582e+003.43105607e+001.88901133e+007.17082698e-01
7.16776955e-011.00558709e+001.57888938e+00 -7.97008734e-01
6.58892564e-01 -4.71381742e-013.06914837e+001.64172117e+00
3.43138378e+002.22472260e+003.59356305e+003.82338186e+00
9.78172883e-01 -9.08628545e-012.16232645e+003.55191556e+00
-1.13111936e+003.41399524e+003.33509092e+003.43837535e+00
1.35204653e+003.76053347e+003.30301665e+003.55267433e+00
2.37056808e+003.18484540e+002.98100486e+003.10265302e-01
3.33480741e+003.74789034e+001.75698786e+002.41233915e+00
2.26160198e+002.84308753e+00 -8.08464256e-017.97601218e-01
-3.16602301e+00 -1.73923341e+00 -3.03300460e-013.51448929e+00
-4.48211450e-01 -6.80222539e-01 -1.89461587e+00 -3.09125994e+00
3.68252461e+00 -2.48775165e-01 -1.11264583e+00 -3.31287149e+00
9.83064901e-01 -1.06200552e+003.64306307e+001.23598454e+00
-2.48635569e+00 -3.96546091e+00 -1.30407633e+00 -2.80700115e+00
-3.17916299e+00 -2.34899616e+003.86016046e+002.31046192e+00
-1.40325115e+00 -3.22048585e+00 -3.80050197e+002.25857585e+00
-3.30857362e+00 -1.58359847e+00 -3.47513222e+00 -2.68758875e+00
-3.55711876e-01 -3.74431790e+00 -3.66810701e+00 -3.36824403e+00
-3.76359366e+00 -3.41537451e+00 -9.76623415e-01 -1.29100568e+00
-1.65608598e+00 -3.32409572e+00 -4.96630821e-01 -3.14165698e+00
-1.71322197e+00 -3.05909111e-01 -4.46777005e-011.45931378e+00
-1.22812034e+00 -3.69037212e+00 -3.47057694e+001.15856433e+00
-2.03606086e+00 -3.85511111e-01 -2.62194406e+001.34798304e+00
-1.51195709e+001.73829518e+00 -1.79547235e+001.54317462e+00
1.10954960e+00 -1.64931941e+001.75797432e+00 -1.47251063e+00
-1.28986402e+001.67620531e+00 -2.39669870e-011.80650988e-01
6.91778881e-01 -1.82942022e-011.63134904e+001.82884977e+00
1.43428651e+001.60094812e+001.75230668e+004.64326857e-01
1.43351617e+001.43138441e+001.42782215e+001.73492674e+00
1.70395009e+007.47685370e-021.82710034e+001.70923867e+00
-1.11868340e-011.14112185e+009.82679506e-011.69883486e+00
7.33791653e-011.80316095e+001.81840953e+002.85892703e-01
1.09388890e-023.40608544e-01 -8.22267713e-052.09582869e-01
-3.52827719e-041.47413722e+006.19443662e-012.64445438e-02
7.63859684e-012.95005667e-021.68281773e+009.40761147e-01
9.24913182e-031.61411623e+001.04594113e+003.45145694e-02
1.49077794e+007.29051825e-043.52475534e-011.00877527e-02
4.27419191e-031.31839708e-014.14122283e-021.91933665e-01
7.39039595e-036.46626879e-011.67303451e+004.21369487e-01
5.56612529e-014.42761985e-021.29232912e+007.28430003e-02
6.19710137e-021.42351448e+001.08735728e+001.72484190e+00
1.38667445e+005.90891086e-011.29900039e+009.65871130e-01
1.56881569e+001.76930017e+001.29792183e+009.84995600e-01
1.69277814e+008.93630841e-013.06091086e-011.14596763e+00
1.91549748e+001.57524026e+001.66266665e+001.59850516e+00
1.10993370e+001.67500495e+005.25296992e-011.03566638e+00
1.74435925e+001.81971221e+001.11128726e+00 -8.89501086e-01
6.66069451e-011.26100476e+001.36655852e+00 -2.08468516e+00
-2.38718334e+001.66924896e+008.49203268e-011.72895893e+00
-2.25643833e+001.69824962e+00 -7.63165462e-03 -3.09272026e+00
-4.09952810e-01 -3.79499252e+007.61286324e-01 -2.30558737e+00
-3.03467556e+00 -1.61502125e+00 -3.90266394e+00 -2.90841129e+00
1.31250839e+002.59847860e+00 -3.50186707e+00 -2.96039129e+00
-3.60098795e-02 -3.27807629e+00 -2.34587605e+00 -3.56919962e+00
-3.51991588e+00 -1.23848616e+00 -3.47814659e+00 -3.65480564e+00
-3.82629239e+00 -3.80826364e+00 -3.56242008e+00 -2.44646389e+00
-2.51865217e+00 -3.70032292e+00 -2.98399234e+00 -3.49686963e+00
-4.88897726e-01 -3.76272064e+001.42253750e+00 -3.69488964e+00
-2.79391432e+00 -8.53390853e-01 -3.97467897e+00 -3.03195393e+00
-7.20267166e-012.87171160e+00 -1.53928239e+002.40812143e+00
8.91600979e-011.73201591e+00 -2.11632466e+003.06832921e+00